 7519
 6198 4484 7998 7305 6295 2003 5492
 8992 7404 9985 8871
 2758 1296
 1068 6162 8918 7199 5186 9282
 7147 8585 4478 6112
 1857
 1142
 1761 5567 8213 1024 1219 2640 8955 6041 2158 1363
 8432 7008 5772 2121 8145 5974 2701 6426 3123 1231 6091 8655
 8051 7279 7041 8121 1741 1921 4502 2061 8368 9089 9577 2451
 3277 7349 1506 1599 5830 3284 5281 4828 2000 8690 6425 7493
 8134 1102 5326 2073 1746 7197 3568 5499 5348 8178 9086 7924
 8963 8425 4942 6689 3227 5105 7799 6798 9643 9024 5517 5759
 3933 3606 3171 6477 6709 2733 6788 7536 5733 5894 9817 9240
 6019 1668 7464 7758 2940 9582 1232 7926 4567 1089 7938 4494
 6685 6978 5891 7950 6648 8078 7919 4632 8715 8169 4885 7131
 2139 8786 3155 9467 4763 6893 8777 6784
 7374 2018 6998 5159
 7712 6013 2253 7657 5295 9891 9951 4786 6638 6698 7644 1790
 5088 4906 9319 6754 8199 4715 2264 8373 1347 6564 8275 7369
 9082 4809 4895 4041 3139 2290 7942 3338 7708 7175 6556 9207
 1177
 3124 3382 3579 3776 9039 6397 2675 6562 9995 1345 2143
 7403 2254 9570 4434 4578 9580 1934 4872
